0
1
2
3
4
5
6
7
8
9
10
11
12
13
14
15

10
11
12
13
14
15
16
17
18
19
110
111
112
113
114
115

20
21
22
23
24
25
26
27
28
29
210
211
212
213
214
215

30
31
32
33
34
35
36
37
38
39
310
311
312
313
314
315

40
41
42
43
44
45
46
47
48
49
410
411
412
413
414
415

50
51
52
53
54
55
56
57
58
59
510
511
512
513
514
515

60
61
62
63
64
65
66
67
68
69
610
611
612
613
614
115

70
71
72
73
74
75
76
77
78
79
710
711
712
713
714
715

80
81
82
83
84
85
86
87
88
89
810
811
812
813
814
815

90
91
92
93
94
95
96
97
98
99
910
911
912
913
914
915

100
101
102
103
104
105
106
107
108
109
1010
1011
1012
1013
1014
1015